time,x,y,z,phi,theta,psi,x_velocity,y_velocity,z_velocity,phi_velocity,theta_velocity,psi_velocity,rotor_speed1,rotor_speed2,rotor_speed3,rotor_speed4
0.06,-1.41497476113259e-06,5.38879929909666e-06,0.002472007307577698,0.0012311071866522028,0.00048383467826074167,0.0,-8.878459939992497e-05,0.00031533313510754684,0.08239710173949986,-0.013413590025351654,0.006513682668573738,0.0,431.1220655380401,431.67193071514106,431.72687848671416,430.59390341736935
0.12000000000000001,-3.761896026599916e-05,5.2428290375665434e-05,0.011854514831889701,0.0016289754728617822,0.00578660402536002,0.0,-0.001671398458322754,0.0012841711770947009,0.23033288674729624,-0.002540390378206063,0.02962155311177893,0.0,450.3661619755605,452.2309183999232,452.00248758474214,452.8778669374952
0.18,-0.0002590275820467178,0.00016764720468180627,0.027535997486238573,0.003145441556819506,0.007921353542180931,0.0,-0.005922148938048073,0.0027174408340599693,0.29236709504311204,-0.01794272211855295,0.021762974976040322,0.0,425.2307500724325,424.557349076922,425.27671410459783,423.9557035457073
0.23999999999999996,-0.0008432328650629779,0.0005069392232591395,0.055172518759614736,0.021205896538210034,0.00955648108710161,0.0,-0.013784803985278704,0.011001789061920467,0.628702931915557,0.028793532239629382,0.014162761506191019,0.0,507.27830309439554,506.73225172735556,504.35588801522516,507.7196157803019
0.3,-0.0018876240805685148,0.001659431828257999,0.09755212565217038,0.02552326949936834,0.010576071515664864,0.0,-0.021135869612164748,0.027908989673078196,0.783844027620379,0.009923938286863918,0.017633814035120227,0.0,454.94593479227893,455.2236258188515,454.78920112387095,453.27556883179665
0.36000000000000004,-0.003361970999469588,0.003825253084201462,0.14604797793855717,0.026300174708659974,0.011631066162616222,0.0,-0.02811044710480835,0.04436309298857298,0.8326462561286976,0.003905630090639183,0.015396453115130196,0.0,421.1622901355408,420.96869570609175,421.3301257552332,420.8094414364804
0.4200000000000001,-0.005323335127001424,0.007189888683199454,0.20161437531361634,0.04657046582144009,0.012550989506096677,0.0,-0.03737258803009972,0.0701724845088128,1.0193372058519814,-0.04634287914608633,0.015184558939007206,0.0,464.14640307815563,464.1296639469963,466.75591042311885,462.8182437767565
0.48000000000000015,-0.007880832601288532,0.012528913336913047,0.26960414285316414,0.043783563112210544,0.014035062734413906,0.0,-0.0480656793030552,0.10744988683545943,1.2467792811511755,-0.048368377676160354,0.005606008462305879,0.0,478.2993537778336,477.56926630295254,476.02988400749445,475.8737171061233
0.5400000000000001,-0.011080601028245337,0.01986015304897605,0.3468146728861129,0.04487333417265038,0.023674914101869504,0.0,-0.05951555364968712,0.1370504483701179,1.3267915250047553,-0.07148823030900955,0.037840362943552044,0.0,431.60661558511305,434.31834238623435,432.6681483655999,430.71517680730653
0.6000000000000002,-0.015194742412590721,0.02907387438306408,0.4312227400781115,0.040723068030882104,0.026378654341976393,0.0,-0.07791109157090745,0.16960004745593185,1.4866271995914022,-0.06843138804507551,0.04395033295529492,0.0,457.61178713330617,458.098608712815,457.0669360209996,457.3068224516404
0.6600000000000003,-0.020545674454150852,0.040256049912845156,0.5278482233797116,0.037554732908712474,0.02943977221434224,0.0,-0.10081593994213253,0.20271967694498186,1.7338835889468995,-0.0589571933430825,0.0499841935468794,0.0,483.398526883356,483.8540124109577,483.5655316483772,484.27585739158013
0.7200000000000003,-0.02732827427658489,0.053363700877281664,0.6382204173041075,0.04670735929359893,0.0356497829448541,0.0,-0.12597450966096424,0.2353195462961702,1.94477974207055,-0.09919924685692744,0.0684499792512749,0.0,472.79776294474226,474.22017350526255,475.9632635011618,472.86981371048256
0.7800000000000004,-0.035755624601390416,0.06857288709093205,0.7607378883042171,0.044732472543396185,0.04285144453386103,0.0,-0.15573907978116774,0.2714321564441185,2.1387660066372116,-0.12227890758070671,0.08655756884152718,0.0,468.9219389350115,470.3304147557743,470.85236840300166,469.0541538405747
0.8400000000000004,-0.04598056309320252,0.08572700904693797,0.8914373604014187,0.0373978342914727,0.04852253382736915,0.0,-0.18564069384797896,0.29963831172767647,2.217735572138694,-0.12478104856771746,0.09302235632882101,0.0,435.2508544346882,435.798272156372,434.80627317672406,434.5824968421629
0.9000000000000005,-0.0581201145681434,0.10446025655591963,1.0270050259606218,0.038570443676685606,0.05419804711783449,0.0,-0.21956586464659808,0.32488048493377114,2.300983936411897,-0.09372380183531488,0.09539136205203594,0.0,435.2338894521338,435.4397647294275,437.03953531414487,439.60848415960686
0.9600000000000005,-0.07276192993084139,0.12494594085904355,1.1738801352402581,0.03309900111119646,0.06045748815445062,0.0,-0.2692693157823968,0.3572400366062619,2.5942070639687036,-0.09936058326231398,0.10229978895257721,0.0,499.46127377109207,499.9718636553776,500.14470644525386,499.7273393454238
1.0200000000000005,-0.09004704120821616,0.14696053207590754,1.3300957350909104,0.027136679316611456,0.06761067117714514,0.0,-0.30755391319314374,0.376038718479724,2.612907229420962,-0.10172704286014063,0.08999668543487263,0.0,419.010264930297,417.9482824590053,416.88682064100794,416.6706083121451
1.0800000000000005,-0.10981903520125093,0.17002063994543243,1.4883757179008323,0.022095257525795553,0.07312402591953049,0.0,-0.35203211188178823,0.3921373363965904,2.662945922368825,-0.09157401378245407,0.08491440594746467,0.0,428.7917529215862,428.3665924469652,427.28482522485564,428.1407913923876
1.1400000000000006,-0.13215492092654332,0.1938893410428529,1.6468364023233946,0.016716682657802018,0.07822362864376586,0.0,-0.3929181542460152,0.4030537771979709,2.6191511753208254,-0.09669192327497253,0.08513157577481456,0.0,396.60240133181594,396.62923191625384,396.9858905004806,396.507486689936
1.2000000000000006,-0.15720451799015323,0.21837398351200965,1.8048652380592705,0.016160057791151594,0.0840755087811198,0.0,-0.4425925974223045,0.4130247344572104,2.6483560520710423,-0.0727761947545175,0.09345570287788253,0.0,421.0648258968633,421.791215391314,420.49964062529426,422.5592559455365
1.2600000000000007,-0.18534212002773884,0.24343447458224396,1.9642588638717526,0.013336510360834275,0.09838510475981632,0.0,-0.49663657075305906,0.42208031714356636,2.6645962552426035,-0.08763698642424769,0.059917725921259275,0.0,418.9566664687868,416.0365351157987,418.13074384437954,416.8288284648019
1.3200000000000007,-0.21720984570368554,0.2690111656910538,2.1269608052516733,0.009525901353919508,0.10968628688991888,0.0,-0.5667735319798026,0.4300715016410582,2.7584422436128877,-0.07560291645952301,0.028284327128428773,0.0,442.9806600774655,440.3733692460685,444.070224139796,445.05055390112113
1.3800000000000008,-0.253709228705092,0.2950044678288663,2.2971532695765218,0.00526751632953637,0.11626208411824024,0.0,-0.6505847264782809,0.435903407003795,2.9141485383272454,-0.0827005087716661,0.0028584772970014355,0.0,464.61455798504414,462.6168380267685,462.6715018851532,462.10777607260917
1.4400000000000008,-0.29548417993767484,0.32129708295601817,2.477761289771627,0.009809973566919261,0.11644166541323298,0.0,-0.7418801671297949,0.44108153684924944,3.1055749163798487,-0.11769429151678196,0.0032104949670911506,0.0,474.79681967298717,474.82376544915775,475.85485460017173,473.16144515278614
1.5000000000000009,-0.3424977724422174,0.3479360116669834,2.6677177334726574,0.0027911240228037926,0.11760798704029352,0.0,-0.8253433100106261,0.44613678013197006,3.225939553985241,-0.11633013950618185,-0.008865237977164975,0.0,454.57453150860476,453.6058215643206,454.45734917016085,454.5546907024322
1.560000000000001,-0.3945635722333843,0.37473154206013104,2.8650950867911216,6.279897903905024,0.1172544325814826,0.0,-0.9101194820004344,0.4463893817965846,3.352920242292286,-0.10706208757613775,-0.014844693625192362,0.0,457.09302094631823,456.61636935069623,456.9758422379733,457.7030365674775
1.620000000000001,-0.4515880200635522,0.40146925986581516,3.0690464288123382,0.005241305258156359,0.11712558327160494,0.0,-0.9906515953301432,0.445692985127833,3.445144017092839,-0.06588659044202491,-0.006408320442790438,0.0,446.26171220384737,446.9499572054695,445.9611845910229,449.30459299315174
1.680000000000001,-0.5137031286584847,0.42830775896348106,3.2806113920159516,0.0021205781174193916,0.12041687514568267,0.0,-1.0801459817805548,0.4485623278833942,3.6064444312764814,-0.05702033028988517,0.013428244617189139,0.0,468.5629746956056,470.1026203430632,468.33058374905363,469.0170705407912
1.740000000000001,-0.5816785043265474,0.4552523787519996,3.505333745422718,6.281882090375433,0.12124441154477505,0.0,-1.1857078066166098,0.4491522317892019,3.88333682965359,-0.05928451154029187,0.014243432223042711,0.0,503.6540379972956,503.7128560509995,503.5521037860716,503.3864024191092
1.8000000000000012,-0.6556071765309496,0.48215122525224396,3.7431856222630886,6.278739960601268,0.12695865981580123,0.0,-1.279129002068312,0.44713597491541185,4.044367404744892,-0.06764265372148305,0.037221800321206776,0.0,471.57695015071863,473.34870963123007,472.0843240122776,471.43638125496335
1.8600000000000012,-0.7347223610023915,0.5088786717560493,3.986484011370621,6.275449398761316,0.12934534404471876,0.0,-1.3582621976937879,0.4434905540101697,4.065433077376599,-0.07851783495873084,0.040476443018401774,0.0,429.53779262508266,429.81450700978763,430.41792378649376,429.4923682155492
1.9200000000000013,-0.819199397719848,0.5352863436444463,4.235350780138787,6.271328398714541,0.13259973545669457,0.0,-1.4579278698983387,0.436301691907024,4.22941926259535,-0.07121832825965702,0.04930303222717695,0.0,473.95442574867684,474.6333030661968,474.81308617365426,475.36864427732957
1.9800000000000013,-0.909369971972303,0.5612061259767704,4.491320154189012,6.2678900668844,0.1357994099938269,0.0,-1.548057487550158,0.42734877021511636,4.3025133838114815,-0.06233840664613367,0.042587362903233394,0.0,448.31715101719413,447.7724129555634,448.3529849763707,449.0704673015819
2.0400000000000014,-1.0048474086964563,0.586543299874147,4.750274523079629,6.264639853207887,0.1449149861922283,0.0,-1.635371602077361,0.4169256016244976,4.328991449418875,-0.05577656310117551,0.013303746483302627,0.0,435.52113616785243,433.0651783459717,434.14730933630943,434.6949370160579
2.1000000000000014,-1.1057737485912142,0.6111966099659019,5.01125189703308,6.264414581212078,0.1461826454836368,0.0,-1.7289529872948122,0.4048198563307779,4.370014795034609,-0.03758614301822915,0.019704515013843692,0.0,439.273998694096,439.8044275856468,438.96945409102085,440.474923704863
2.1600000000000015,-1.2129057261554737,0.6350541468573415,5.278395511735682,6.264628726834026,0.1501185332044681,0.0,-1.8424936628912012,0.3904935635754874,4.5339622733718725,-0.05604204896820163,0.00028708877646732925,0.0,478.9645318375559,477.485248925197,478.6131228178441,477.2053080805001
2.2200000000000015,-1.327117219201322,0.6580513040851402,5.556605723591094,6.268385573852221,0.15053944145351483,0.0,-1.9644982271465472,0.37657797005754357,4.738774087698919,-0.08649590502754845,0.006149857964479813,0.0,491.16469862712296,491.5993108923285,492.8418331229871,490.58268452214156
2.2800000000000016,-1.447899201725786,0.6803505316219888,5.842035534189474,6.265872163649163,0.15100543417713297,0.0,-2.0616264166021954,0.36648445802312213,4.775317382810812,-0.0697352708011946,0.0013332656005230232,0.0,442.3131504930917,441.9161634067722,442.10036088234324,443.47407023758166
2.3400000000000016,-1.5749522509136686,0.7019693014327397,6.132438349912005,6.269013489813769,0.15177572628560476,0.0,-2.1735159387012994,0.35446025390854774,4.904115204317752,-0.041262506094596446,-0.009046835872288326,0.0,472.7898018676788,471.9893123822488,469.59737584380673,471.7987196056175
2.4000000000000017,-1.708520014564017,0.722945812453113,6.428898131238146,6.268641845893839,0.1605105917062648,0.0,-2.2795874372127685,0.3447156267206962,4.97727300524535,-0.02652740724573848,-0.0436349464219324,0.0,457.58014691064767,454.8178764073132,455.259957050597,456.43702845618805
2.4600000000000017,-1.8490050192388714,0.7432891396861493,6.732289834400914,6.267038387409595,0.15828737487767608,0.0,-2.402945617562959,0.33323079440898995,5.135018508624146,-0.027577246593084564,-0.0518227713689492,0.0,482.7530832246204,482.1336901501741,482.9087538271934,482.82944556312947
2.520000000000002,-1.9968807977218057,0.7629140637029803,7.0449139421725295,6.2659680910553135,0.17109541266493267,0.0,-2.5275656896689003,0.3208465096222347,5.284638640324231,-0.03723675713450145,-0.0967442056684162,0.0,484.0782207142354,480.68240977894544,482.06473735516215,481.3339204501311
2.580000000000002,-2.1516118770409305,0.7818558510772724,7.361605570328581,6.264327262296707,0.16673782095340606,0.0,-2.629840565414823,0.3104139213087473,5.271815469648462,-0.04696021673079567,-0.08471268677794286,0.0,432.97959826773564,433.9833308521699,434.1923477842904,433.374769280518
2.640000000000002,-2.313024771533225,0.8000950847472363,7.681078547039683,6.2674423639388905,0.16528404282176545,0.0,-2.750396311565564,0.29792448613055383,5.376708882435599,-0.07486946031237286,-0.06501055747781813,0.0,470.317639117949,471.83686921518563,471.12729767603764,468.96205405725976
2.700000000000002,-2.4809778465624777,0.8177036592686168,8.002807094478399,6.268876051388984,0.1615439286123923,0.0,-2.8478400468791674,0.2891262724300513,5.347710180423072,-0.04937635009188435,-0.07076104581941378,0.0,429.4636058018061,428.971956056643,428.6155907271036,430.7736756587675
2.760000000000002,-2.6550461470440814,0.8347736254707188,8.324655514773754,6.267100310743208,0.1618690755166421,0.0,-2.9544844110591697,0.27972520723597655,5.380309913359461,-0.06257088781678291,-0.04851066506666662,0.0,447.2921801145788,449.0979840876694,450.6323240483627,449.5623970370174
2.820000000000002,-2.8353260182689253,0.8512597933815269,8.647208923206847,6.263370371600464,0.1599106030591857,0.0,-3.0547765745520263,0.2694910967893972,5.371465323323166,-0.06168353564330255,-0.06046739526424956,0.0,437.5642435573678,436.56566971993504,435.6650349473402,435.7363587406945
2.880000000000002,-3.0217437042817514,0.8670522228291573,8.970022663040142,6.260004084618053,0.16102862338466295,0.0,-3.159280793114751,0.25663131090729674,5.388785030496518,-0.0693343389479005,-0.037772752772350496,0.0,443.7395513238975,445.597160861658,445.38976489678794,444.76045482966964
2.940000000000002,-3.215216457096537,0.8818968451696478,9.298542235609384,6.255833358840594,0.1587783068468438,0.0,-3.2895088823768925,0.23774226270213106,5.560944607879387,-0.07093618635489651,-0.03713819615651898,0.0,491.6669486206026,491.71344877830614,492.81004921377377,492.6884218897954
3.000000000000002,-3.416056052174938,0.8955893355312636,9.63464515193193,6.251588168616301,0.16229203410761528,0.0,-3.4055050259857538,0.2182696523162911,5.641841378661458,-0.07047566797031922,-0.06461548830523119,0.0,467.84677667677175,465.70084686184777,467.48196044631004,467.5142864482725
3.0600000000000023,-3.6235362582179693,0.9081067481156123,9.973258932261015,6.248076611353149,0.1591541836990924,0.0,-3.5103303879475938,0.19867974068290598,5.645244535659113,-0.08102914079364765,-0.05632215384923857,0.0,443.9999159557381,444.6771952135125,444.35868663253564,443.4882366118142
3.1200000000000023,-3.837441666168286,0.9193452141033138,10.31308413764684,6.243229382862436,0.15746437994841944,0.0,-3.619781924233094,0.17549776780073847,5.681994798555572,-0.08401391657173649,-0.07181180834245633,0.0,455.0035490743865,453.7588885001036,455.3532779834049,455.1091124953353
